Z1 = 1.7741529331039958
Z2 = 1.7741529331039958
________________
[[25 80 21 96  4 86 64 18  2 52 56 35]
 [58 61 69 30 31 32 75 62 41 58 53 54]
 [33 40 11 94 68 55 70 30 14 15 55 46]
 [78 19 99 24 35 77 39 42 51 11 89  1]
 [42 39 62 42 59  8 39 97 36  7 15 70]
 [72 51  7 63 10 54 65 64 55 70  4 67]
 [10 84 21 83 19 75 76 60 80 41 32 82]
 [65 76 60 77 26 14 41 80 51 88  6 15]
 [93 43 46 51 73 93 45 57 54 14 93 92]
 [79 67 59 74 21 39 92 50 58 68 97 47]
 [50 52 40 34 36 41  0 13 30 87 51 74]
 [75 72 96 88 21 10 64 32 43 81 99 14]]
 
+
 
[[52 77 77 74 33 69 25 25  8 60 10 54]
 [64  2 90 35 39  0 93 73  4 94  3  5]
 [22 81 39 31 27 90 24 48 59 64 19 56]
 [97 29 67 13 17 52  6 69  3 20 17  3]
 [21 36  4 57 20 98 16 48 37 41 51 38]
 [39 81 83 91 65 90 27 21 90 65  7 33]
 [58 83  4 80 33 83  5 82 51 34 97 96]
 [35 34 80 25  0 94 71 20 65 65 29 81]
 [35 68 48 58 58 77 82 11 95 83 12 62]
 [79 49 23  6 42 63 64 66 59 89 98 38]
 [89 36 35 10 29 23 70 48 45 21 95 53]
 [96 19 88 77 79 88 82 97 16  3 53  2]]

=

[[ 77 157  98 170  37 155  89  43  10 112  66  89]
 [122  63 159  65  70  32 168 135  45 152  56  59]
 [ 55 121  50 125  95 145  94  78  73  79  74 102]
 [175  48 166  37  52 129  45 111  54  31 106   4]
 [ 63  75  66  99  79 106  55 145  73  48  66 108]
 [111 132  90 154  75 144  92  85 145 135  11 100]
 [ 68 167  25 163  52 158  81 142 131  75 129 178]
 [100 110 140 102  26 108 112 100 116 153  35  96]
 [128 111  94 109 131 170 127  68 149  97 105 154]
 [158 116  82  80  63 102 156 116 117 157 195  85]
 [139  88  75  44  65  64  70  61  75 108 146 127]
 [171  91 184 165 100  98 146 129  59  84 152  16]]
________________

Задание№2
________________
[[25 80 21 96  4 86 64 18  2 52 56 35]
 [58 61 69 30 31 32 75 62 41 58 53 54]
 [33 40 11 94 68 55 70 30 14 15 55 46]
 [78 19 99 24 35 77 39 42 51 11 89  1]
 [42 39 62 42 59  8 39 97 36  7 15 70]
 [72 51  7 63 10 54 65 64 55 70  4 67]
 [10 84 21 83 19 75 76 60 80 41 32 82]
 [65 76 60 77 26 14 41 80 51 88  6 15]
 [93 43 46 51 73 93 45 57 54 14 93 92]
 [79 67 59 74 21 39 92 50 58 68 97 47]
 [50 52 40 34 36 41  0 13 30 87 51 74]
 [75 72 96 88 21 10 64 32 43 81 99 14]]

[[25 58 33 78 42 72 10 65 93 79 50 75]
 [80 61 40 19 39 51 84 76 43 67 52 72]
 [21 69 11 99 62  7 21 60 46 59 40 96]
 [96 30 94 24 42 63 83 77 51 74 34 88]
 [ 4 31 68 35 59 10 19 26 73 21 36 21]
 [86 32 55 77  8 54 75 14 93 39 41 10]
 [64 75 70 39 39 65 76 41 45 92  0 64]
 [18 62 30 42 97 64 60 80 57 50 13 32]
 [ 2 41 14 51 36 55 80 51 54 58 30 43]
 [52 58 15 11  7 70 41 88 14 68 87 81]
 [56 53 55 89 15  4 32  6 93 97 51 99]
 [35 54 46  1 70 67 82 15 92 47 74 14]]
________________

Задание№3
________________
сумма элементов меньше y: 21
умножение элементов больше y: 100419390748800000000000000000000000